374
376
377
378
379
380
381
382
383
384
385
386
388
393
394
395
397
1349
3591
3592
3698
3699
3700
3701
3702
3745
3927
3958
4281
4368
4372
4373
4374
4375
4406
4407
4409
4411
4426
4427
4429
4430
4433
4440
4441
4442
4486
4487
4488
4515
4522
4524
4525
4546
4547
4548
4549
4550
4551
4552
4553
4554
4555
4556
4557
4558
4559
4560
4561
4562
4637
4954
5057
5058
5059
5326
5327
5328
5341
5344
5352
5357
5359
5397
5494
5497
5498
5499
5500
5504
5505
5506
5507
5547
5572
5573
5574
5575
5577
5578
7730
7996
8029
8030
8108
8109
8112
8246
8274
